function y = fitness(x)
kkk=[63.12436586	75.57383153	-283.8028725
66.7328106	84.69948196	-280.3798871
73.23159944	74.43615958	-281.667424
65.71015126	65.6830216	-285.6712412
54.5630241	70.53612711	-286.858289
55.19508058	82.2891469	-283.5879947
58.77908541	91.39053649	-280.0588851
70.26147846	93.72384487	-276.6213056
76.8198564	83.53543671	-278.1379312
83.25117662	73.20955759	-279.1948413
75.79688469	64.51491007	-283.4304376
68.21740558	55.71319005	-287.1978075
57.12396462	60.61396995	-288.6225106
45.93631633	65.41414932	-289.5703732
46.60656168	77.22360904	-286.5388471
47.19961933	88.9060161	-283.0337389
50.74749276	97.99720834	-279.3948203
62.28541168	100.4075829	-276.1866602
73.70618902	102.6351687	-272.531822
80.33840324	92.54703402	-274.2644391
86.83684515	82.28463941	-275.5518062
93.17097389	71.89561851	-276.3880317
85.81328326	63.25098615	-280.8479393
78.29199311	54.49688093	-284.8519789
70.64297257	45.67680547	-288.3805881
59.60660553	50.59333624	-290.0475185
48.45913144	55.44736952	-291.2343964
37.25459831	60.21418721	-291.9357823
37.93457372	72.06851725	-289.1492597
38.56678823	83.82056979	-285.8791878
39.14796932	95.41564735	-282.14086
42.67692626	104.4773988	-278.3942744
54.23430273	106.9708927	-275.4198273
65.70251629	109.2876507	-271.9919258
77.06239287	111.4247295	-268.1159358
83.75941304	101.4259171	-270.0691516
90.31836403	91.26021922	-271.5774853
96.72852963	80.94433966	-272.6385549
102.9796667	70.49420548	-273.2507149
95.70490785	61.9056726	-277.9360365
88.27248604	53.21517859	-282.1635453
80.69460941	44.43721459	-285.9263498
72.9838011	35.58646221	-289.2180723
62.00506599	40.53280171	-291.123045
50.92400127	45.41274586	-292.5484267
39.75906363	50.21808504	-293.4919809
28.52864697	54.94072114	-293.9520903
29.23192118	66.84369408	-291.4062311
29.88724096	78.63561677	-288.3805778
30.49332647	90.29815493	-284.8799797
31.04918203	101.812158	-280.9100756
34.48696532	110.924723	-277.0317886
46.0868357	113.5053562	-274.2859187
57.62532132	115.9158491	-271.0776011
69.04594062	118.1444022	-267.4225405
80.32661354	120.0800887	-263.3792144
87.1460816	110.2636956	-265.4952001
93.77829582	100.1755609	-267.2278173
100.277526	89.91133048	-268.5154978
106.6116548	79.52230958	-269.3517233
112.6646366	69.00997495	-269.7859394
105.5852581	60.43905153	-274.6616963
98.22747298	51.79439944	-279.1216301
90.70580503	43.0402153	-283.1257748
83.05659559	34.22010037	-286.6544365
75.23766051	25.45198758	-289.7096212
64.32228251	30.3063347	-291.8635801
53.28572657	35.222826	-293.530563
42.13787467	40.07678036	-294.7175459
30.93324709	44.84357832	-295.4189581
19.7681343	49.60306422	-295.616148
20.38111105	61.50797725	-293.3284381
21.06108647	73.36230728	-290.5419155
21.69307936	85.11631404	-287.2713725
22.27426045	96.7113916	-283.5330447
22.91338193	108.0859508	-279.3431712
26.33805615	117.1614555	-275.3537206
37.88286128	119.9014275	-272.8162498
49.45507863	122.411797	-269.8328437
60.94566492	124.7194536	-266.4035538
72.27910658	126.7589521	-262.5796453
90.3828694	118.8770016	-260.6518306
97.12355279	108.9683659	-262.5511045
103.7042253	98.79297383	-264.056024
110.1137868	88.45319036	-265.1247576
116.2590745	78.01191688	-265.7783185
122.2151161	67.44211388	-265.9985395
115.2328068	58.9236845	-271.0895873
108.0623645	50.3099666	-275.738196
100.6283404	41.59590351	-279.9711731
93.02783781	32.81344121	-283.7413723
85.2842025	24.06982581	-287.0320838
77.4012048	15.28812254	-289.8542765
66.54611138	20.15527087	-292.2422779
55.58206873	24.99068491	-294.1533039
44.47791577	29.86557727	-295.5840019
33.30022387	34.69148632	-296.5260797
22.16043715	39.4800335	-296.9686965
10.98420538	44.20498113	-296.9266967
11.60590528	56.1489332	-294.8775109
12.20893721	67.99999105	-292.3475553
12.85107129	79.81293683	-289.3180722
13.47227108	91.49286454	-285.8106461
14.12273937	102.9455779	-281.8562357
14.75017756	114.2304668	-277.441979
18.14925241	123.2832681	-273.3350274
29.72243675	126.1186896	-271.0181692
41.23254158	128.7326558	-268.2684644
52.7710272	131.1431487	-265.0601467
64.13558005	133.3079032	-261.4494702
113.4817343	97.27723202	-260.5748229
119.7331876	86.92988208	-261.4332654
125.7889316	76.41839108	-261.8730992
131.6192545	65.79360468	-261.8926855
124.7615996	57.3199338	-267.1873275
117.6799003	48.74725872	-272.0576103
110.4079033	40.11960078	-276.4790129
102.8862354	31.36541663	-280.4831576
95.2460727	22.64014299	-283.9994764
87.42886082	13.87265677	-287.0605677
79.47211895	5.105843183	-289.6519589
68.6792467	9.955694576	-292.2739658
57.7625233	14.80949405	-294.421913
46.77453557	19.64318036	-296.0852188
35.62668367	24.49713472	-297.2722016
24.51477994	29.28423127	-297.9625091
13.34991001	34.04503474	-298.165751
2.187110836	38.75407149	-297.8817614
2.78926417	50.72265973	-296.0736018
3.40193448	62.62724216	-293.7795913
4.021586895	74.41002757	-291.0106129
4.653832274	86.16308682	-287.7402662
5.287051638	97.68194084	-284.025586
5.926352399	109.0588045	-279.8415156
6.569104037	120.2391527	-275.208452
9.961307815	129.2491327	-270.9901659
21.5261618	132.1850092	-268.893978
33.05592599	134.905963	-266.3604715
44.53185689	137.40785	-263.3937545
134.1196877	55.64242414	-262.975173
127.1557614	47.12653019	-268.0497077
119.9849576	38.53487041	-272.6880773
112.61916	29.87970156	-276.8832104
105.069841	21.17732005	-280.6276864
97.34985086	12.4395166	-283.9160367
89.47169203	3.681134573	-286.742692
81.44796151	-5.082775965	-289.1029599
70.71829988	-0.236616885	-291.9571406
59.87347972	4.610367265	-294.3364773
48.93131715	9.44948	-296.2372061
37.90991186	14.27227099	-297.6563872
26.82644882	19.07322417	-298.5911378
15.69968001	23.84235727	-299.0404745
4.547001288	28.57353031	-299.0033274
-6.612614608	33.25711863	-298.4801563
-6.015787904	45.25470856	-296.9107087
-5.409225697	57.17918942	-294.8583257
-4.793682258	69.00998315	-292.3265377
-4.170416609	80.72859366	-289.319386
-3.540214754	92.31574805	-285.8416482
-2.904471754	103.7532541	-281.8990082
-2.263762718	115.021215	-277.4980567
-1.61960889	126.1027239	-272.645751
1.434194643	135.3876965	-268.1572639
13.0145734	138.4329641	-266.2840105
24.59011847	141.2699414	-263.9665304
36.10075859	143.8840817	-261.2169778
136.877496	45.25553326	-263.5462194
129.7945066	36.68165071	-268.4174282
122.5225418	28.05306154	-272.8393892
114.9938882	19.29141649	-276.8470744
107.3535372	10.56504093	-280.363411
99.53415345	1.796038439	-283.4250716
91.5767398	-6.971019326	-286.016148
83.32639611	-15.26553458	-288.2080433
72.67751565	-10.9192364	-291.2711457
61.88418177	-6.069377604	-293.8937825
50.96490765	-1.215048438	-296.0424735
39.97635267	3.619581927	-297.7059716
28.81848529	8.477445501	-298.8941412
17.70598269	13.2653549	-299.5840479
6.539191573	18.02669496	-299.7872566
-4.624059607	22.7365337	-299.5026248
-15.40470896	27.72095273	-298.7212732
-15.26901706	39.54758395	-297.3936987
-14.66720005	51.51720603	-295.5858678
-14.05487721	63.42377868	-293.2917221
-13.43516176	75.20663956	-290.5230272
-12.80248238	86.9707923	-287.2496298
-12.16904271	98.48963004	-283.5345874
-11.52914568	109.8695568	-279.3492512
-10.88602685	121.0498778	-274.7155839
-9.806447446	131.8158513	-269.7566719
-6.7531528	141.046214	-265.1426972
4.486025916	144.4996407	-263.3249233
16.06720026	147.4570732	-261.2251869
139.4569971	34.78483247	-263.7839005
132.2664471	26.18837277	-268.4397952
124.8460928	17.44687038	-272.6704761
117.2188936	8.677122886	-276.44979
109.4927541	-0.086296884	-279.7344744
101.5880631	-8.850363687	-282.5627233
93.41958548	-17.15270017	-284.9887173
85.10487592	-25.4292345	-286.9679657
74.5177167	-21.10146973	-290.2444503
63.81398308	-16.74170707	-293.0659429
52.94544723	-11.89953537	-295.4576577
41.99073288	-7.038713174	-297.3672523
30.86586217	-2.186440896	-298.8020193
19.68980157	2.670103983	-299.7421389
8.537064711	7.434486891	-300.1866614
-2.629504515	12.18662225	-300.1412001
-13.41432375	17.18225584	-299.6080146
-24.17798543	22.1506382	-298.6049798
-24.06088871	33.99597103	-297.4987364
-23.90589818	45.7875413	-295.9259809
-23.31346517	57.73521908	-293.876385
-22.68260684	69.58754232	-291.3473126
-22.06870515	81.41130712	-288.3146655
-21.41818336	93.10064856	-284.8047733
-20.7952291	104.5561628	-280.8483274
-20.138495	115.8413331	-276.4334072
-19.0750417	126.7060464	-271.7020136
-17.98153976	137.3713214	-266.5446447
-14.94100103	146.5570033	-261.7975353
141.8374289	24.2905132	-263.6896134
134.5542709	15.56015174	-268.1288866
127.0258698	6.797559181	-272.1367679
119.2909572	-1.949162828	-275.6918337
111.469115	-10.7180491	-278.7470242
103.4108882	-19.03873459	-281.3961976
95.16838422	-27.33460905	-283.6122205
86.78171664	-35.56339433	-285.3845445
76.25858157	-31.28503606	-288.8701595
65.6033726	-26.93706297	-291.9087141
54.8685379	-22.54241621	-294.4850195
43.95058894	-17.68844005	-296.6404957
32.86108238	-12.87430767	-298.3196278
21.70296252	-8.015496585	-299.5076013
10.53515979	-3.139705951	-300.1986845
-0.631665031	1.621256654	-300.3950152
-11.41842303	6.597109469	-300.110344
-22.19998756	11.58234133	-299.3544889
-32.92247631	16.55408939	-298.1311856
-32.85102812	28.40312358	-297.2443242
-32.71334937	40.22716533	-295.8914879
-32.51201104	51.96877357	-294.0789124
-31.90053727	63.87753978	-291.7913574
-31.33536272	75.74562288	-288.9998215
-30.70268335	87.50977562	-285.7264241
-30.00579884	99.10829302	-281.9883306
-29.36517806	110.4849998	-277.7967049
-28.34626745	121.4340609	-273.2955731
-27.2681446	132.2107367	-268.3596446
-26.1350978	142.7620073	-263.0136239
144.0636102	13.64628386	-263.2481735
136.6659844	4.910408727	-267.4665847
129.0430857	-3.834313016	-271.2439938
121.2073211	-12.57218223	-274.5739897
113.2467257	-20.90443538	-277.4494605
105.1094593	-29.20464342	-279.8914439
96.80765783	-37.45881132	-281.8958425
88.35460258	-45.65453917	-283.4595758
77.89521057	-41.40979082	-287.1545169
67.31403341	-37.10044615	-290.4005988
56.6276363	-32.73266989	-293.1926032
45.85278522	-28.31441919	-295.5265911
34.79914852	-23.52271496	-297.4488615
23.68792306	-18.69171942	-298.8805435
12.53787046	-13.83062029	-299.8193813
1.366827199	-8.945590082	-300.2635807
-9.420512172	-3.976816039	-300.2258563
-20.19337708	0.998918456	-299.7188091
-30.93476896	5.973618375	-298.7431158
-41.62748841	10.93749627	-297.3007328
-41.58716455	22.79611806	-296.6327953
-41.48184251	34.61932124	-295.5010865
-41.31151133	46.38748021	-293.9076548
-41.07674939	58.08401314	-291.8547155
-40.5453688	70.00213699	-289.3025151
-39.94710529	81.80450901	-286.2733271
-39.28309182	93.47278405	-282.7717596
-38.55431291	104.9868551	-278.803915
-37.56645964	116.024497	-274.5310356
-36.52005949	126.8812559	-269.8290514
-35.41643365	137.5393082	-264.7053312
146.0530964	3.097459825	-262.4863693
138.524757	-5.663119324	-266.4937008
130.7899599	-14.40979644	-270.0488348
123.0320806	-22.79196719	-273.1002892
114.9831838	-31.11372134	-275.7730755
106.7493917	-39.41287717	-278.0130146
98.37086929	-47.64506219	-279.8094125
89.82172303	-55.69108917	-281.1952475
79.4310313	-51.60176386	-285.0757029
68.90107337	-47.3197296	-288.5368764
58.23960824	-42.96796212	-291.550832
47.49997726	-38.57129958	-294.1022638
36.77818272	-34.04969808	-296.1891496
25.6887496	-29.23557113	-297.868161
14.53170141	-24.37853667	-299.0563691
3.363856115	-19.50173391	-299.7472981
-7.418713737	-14.66023952	-299.950186
-18.20609186	-9.685533507	-299.6913616
-28.9900934	-4.699910574	-298.9609246
-39.71546055	0.2731366	-297.7628957
-50.28292793	5.308924143	-296.1140976
-50.38323738	17.12043018	-295.6493939
-50.3082805	28.96729667	-294.7373493
-50.16734555	40.79011823	-293.3591335
-49.96236097	52.52750392	-291.5214678
-49.58836111	64.12333482	-289.2565949
-49.02355451	75.99232054	-286.4647946
-48.39081155	87.7554863	-283.1916459
-47.69365355	99.35308136	-279.453843
-46.84833789	110.4297203	-275.4100626
-45.83260496	121.3891034	-270.9322926
-44.75761854	132.177027	-266.0190466
-43.62758283	142.7405717	-260.6954073
147.8507995	-7.480105884	-261.3890594
140.2051294	-16.22962971	-265.1776811
132.5584821	-24.62539671	-268.4434217
124.7068471	-32.98339438	-271.2938916
116.5741583	-41.3103312	-273.7589102
108.2588211	-49.5732623	-275.7944799
99.79722526	-57.66154822	-277.408983
91.18116188	-65.66034084	-278.594213
80.85512045	-61.61872344	-282.6759037
70.40389125	-57.48149595	-286.3201802
59.79336916	-53.17234623	-289.5470141
49.08917132	-48.78060362	-292.31966
38.40257305	-44.29540879	-294.6238129
27.65663021	-39.74201848	-296.4721986
16.52019515	-34.91624452	-297.9060092
5.356548966	-30.03302374	-298.8468488
-5.423478342	-25.21482845	-299.2907817
-16.1953865	-20.35635468	-299.2713758
-26.99448137	-15.38677803	-298.7887382
-37.75144178	-10.39225855	-297.837057
-48.35210383	-5.363939295	-296.4345189
-58.87792188	-0.327254579	-294.5733073
-59.02114123	11.48509145	-294.3208349
-59.0732217	23.28019966	-293.6128825
-58.97650554	35.12154405	-292.4524302
-58.78719363	46.90734977	-290.8331418
-58.45704464	58.53928315	-288.7838095
-58.03670268	70.0816033	-286.2874722
-57.45204612	81.90518379	-283.2507942
-56.77240452	93.5936831	-279.7452341
-55.97215429	104.7471054	-275.9264369
-55.08525589	115.7381554	-271.680798
-54.05544118	126.62478	-266.9914856
-52.94071972	137.3122233	-261.8832979
141.9313642	-26.44662813	-263.4313184
134.1818787	-34.830392	-266.4999594
126.2298308	-43.13485879	-269.1570797
118.0058	-51.43715984	-271.420242
109.6587936	-59.57590739	-273.2501626
101.1202309	-67.62778734	-274.6654748
92.43157105	-75.55141025	-275.6598015
82.17132567	-71.58638324	-279.9342865
71.77212828	-67.49077086	-283.784687
61.28508151	-63.28662556	-287.191643
50.61857769	-58.93072628	-290.1810622
39.96911023	-54.51228251	-292.6961605
29.24477791	-49.98786452	-294.7642315
18.49949116	-45.38319525	-296.375159
7.342190492	-40.52521328	-297.563171
-3.43257153	-35.76106096	-298.243981
-14.21556429	-30.92100106	-298.4659742
-24.95203548	-26.02862847	-298.2282304
-35.73840006	-21.04368234	-297.5230559
-46.36948041	-16.05410739	-296.3650685
-56.94198499	-11.0194341	-294.74796
-67.40244969	-5.962782228	-292.6798616
-67.61521464	5.836722906	-292.6333108
-67.70916272	17.64661906	-292.1373484
-67.68641586	29.41072876	-291.1935396
-67.54034424	41.22980528	-289.7906218
-67.28109005	52.88344853	-287.9527061
-66.90361029	64.47635127	-285.6692096
-66.41065206	75.94994892	-282.9513638
-65.77800355	87.71309495	-279.6782413
-65.05064926	98.92917976	-276.0826285
-64.20862644	110.0117867	-272.0566206
-63.25528981	120.9061769	-267.6205149
-62.18494063	131.7049516	-262.7299676
143.4840323	-36.63196643	-261.3628676
135.6461007	-44.96782272	-264.231279
127.5989582	-53.23375215	-266.6922496
119.3550148	-61.41774451	-268.7419379
110.9271739	-69.50747882	-270.3773685
102.3281916	-77.48956077	-271.5958419
93.571434	-85.35236532	-272.3955236
83.37701956	-81.44863023	-276.8652839
73.05410951	-77.41950093	-280.9081111
62.61842863	-73.27052515	-284.517751
52.0863117	-69.00901983	-287.6888142
41.47394611	-64.64122863	-290.4161873
30.79744602	-60.17320282	-292.6957807
20.07356703	-55.61281864	-294.5240596
9.318560004	-50.96587037	-295.8979997
-1.450703004	-46.24087788	-296.8159054
-12.21751837	-41.44531293	-297.2762627
-22.9658237	-36.58463534	-297.2779056
-33.6786409	-31.66792773	-296.8213815
-44.33929676	-26.70329465	-295.9072571
-54.93169628	-21.69675323	-294.5367303
-65.43960667	-16.6561885	-292.7119948
-75.84627957	-11.59127445	-290.4361355
-76.11374996	0.200777886	-290.5973333
-76.26384601	11.9925435	-290.3103784
-76.29626375	23.76525057	-289.575968
-76.21119359	35.50212833	-288.3949055
-76.00853009	47.18357092	-286.7692131
-75.68846268	58.79211903	-284.7014651
-75.25189435	70.31020586	-282.1946349
-74.69944452	81.72051073	-279.25252
-74.03145835	93.00391513	-275.8800765
-73.24942666	104.1441451	-272.0821813
-72.35462959	115.1241156	-267.8646214
-71.34800011	125.9260011	-263.2342563
137.4826996	-56.68318752	-261.0086142
129.2182089	-65.00923217	-263.2805357
120.8663193	-73.14718286	-265.105297
112.3150665	-81.20208432	-266.5172503
103.6217017	-89.12497696	-267.5058665
94.59931828	-95.05117336	-268.8052681
84.67052966	-93.08404642	-272.7753084
74.40969995	-89.12085465	-277.0569747
64.00109118	-85.02683796	-280.9168794
53.51307166	-80.82471288	-284.3306231
42.80164414	-76.46290737	-287.3350242
32.15032071	-72.04504164	-289.8548173
21.41608179	-67.5209661	-291.9288876
10.66851848	-62.91612861	-293.543558
-0.66186337	-57.98325564	-294.7502304
-11.43859111	-53.21617752	-295.4273113
-22.23041678	-48.36868721	-295.6455859
-32.96808715	-43.47437431	-295.4034641
-43.79056734	-38.46025092	-294.6919904
-54.42250221	-33.46703697	-293.5271906
-65.00172119	-28.42413424	-291.9023982
-75.46204293	-23.36473909	-289.8269748
-84.19944262	-17.2053185	-287.844712
-86.1364387	-6.506825186	-287.7121172
-86.35221469	5.294338777	-287.672357
-86.4518035	17.11543003	-287.181654
-86.43160604	28.88119116	-286.2440058
-86.29757871	40.74705143	-284.8378715
-86.04034036	52.40408426	-283.0036296
-85.66575252	64.00811255	-280.7215185
-85.17425351	75.48404967	-278.0066555
-84.53174664	87.43032236	-274.6826814
-83.80257819	98.64712184	-271.0830877
-82.95666829	109.7388162	-267.0500905
-82.00112876	120.6328567	-262.6094599
122.1598294	-84.78259905	-261.0153215
113.5120243	-92.75966258	-262.2036249
104.5812568	-98.76199397	-263.7208643
95.51383342	-104.6357513	-264.8931127
85.63235153	-102.7205899	-268.989676
75.63895983	-100.6716847	-272.7343675
65.29460128	-96.66225414	-276.826904
54.84902488	-92.50264967	-280.4904264
44.18419123	-88.21926507	-283.7340844
33.44969202	-83.79710941	-286.5295048
22.7427679	-79.34053741	-288.8388147
12.00071046	-74.76119722	-290.7004897
0.680084685	-69.89152148	-292.155216
-10.64138664	-64.90359627	-293.1116399
-21.44019723	-60.1044606	-293.5437622
-32.20579467	-55.21228984	-293.5209655
-43.05125004	-50.23912877	-293.0235517
-53.82863901	-45.18644575	-292.0630428
-64.44493846	-40.17558755	-290.6421706
-74.96132147	-35.10257	-288.7709847
-83.76145675	-28.96950882	-287.0276363
-92.45195879	-22.79845799	-284.9086381
-94.43443391	-12.11429932	-284.9131833
-96.2934712	-1.413273271	-284.5446328
-96.47423976	10.40687944	-284.296634
-96.50592388	22.21244084	-283.6078234
-96.45323392	34.097186	-282.4434894
-96.24800792	45.9270606	-280.8330596
-95.95209491	57.56947597	-278.781565
-95.50732794	69.12203178	-276.2981331
-94.94654932	81.12803173	-273.2098276
-94.22344584	92.99429408	-269.6556261
-93.44693784	104.1536274	-265.8194719
-92.52530957	115.1503028	-261.5715963
96.31419904	-114.0957855	-260.6639997
86.48448353	-112.2582358	-264.8747175
76.5260112	-110.2549265	-268.7518601
66.49076336	-108.1040995	-272.2729519
56.09191763	-104.0240953	-276.1749564
45.47784875	-99.85575455	-279.6438328
34.77180321	-95.50537077	-282.6829971
24.04533404	-90.99999981	-285.2735776
13.31276575	-86.48169763	-287.3736879
2.006584614	-81.71644449	-289.0650219
-9.32416519	-76.7826689	-290.27143
-20.60332492	-71.71547369	-290.9853202
-31.39307406	-66.86242745	-291.176779
-42.25739415	-61.96774334	-290.8853532
-53.07445252	-56.94794326	-290.1382432
-63.77545648	-51.83567465	-288.9390029
-74.3448798	-46.78667652	-287.2698687
-83.20687568	-40.71018741	-285.7611128
-91.97345852	-34.56023693	-283.8777279
-100.5936794	-28.36509774	-281.6316817
-102.6424959	-17.71120618	-281.7640439
-104.5468105	-7.008513461	-281.5331966
-106.3019412	3.681848967	-280.9386058
-106.4165896	15.5057477	-280.4910446
-106.4765308	27.38835177	-279.5582071
-106.3539449	39.25728038	-278.1867193
-106.0473081	51.03583889	-276.386504
-105.6816682	62.64587908	-274.1296565
-105.2367016	74.68828771	-271.2694288
-104.5942157	86.63453524	-267.9453602
-103.7585382	98.40469735	-264.1796963
-102.9038983	109.4863333	-260.1225616
87.21699639	-121.6419015	-260.4543852
77.32099188	-119.7058452	-264.4462594
67.32442639	-117.6145965	-268.0936916
57.24006313	-115.3700094	-271.3916905
46.67406325	-111.2976305	-275.0896655
36.03462671	-107.050442	-278.3552016
25.33873908	-102.6355418	-281.1831297
14.6029027	-98.05898321	-283.5688509
3.308751935	-93.37601098	-285.4997954
-7.99107882	-88.53424159	-286.945896
-19.2774717	-83.54174653	-287.9047323
-30.53086671	-78.40838083	-288.3748955
-41.41637099	-73.57126167	-288.2914968
-52.23672137	-68.61854465	-287.7547793
-62.97497171	-63.55819422	-286.765635
-73.61402876	-58.39799872	-285.3256172
-82.53711405	-52.36727422	-284.0516857
-91.35259529	-46.26842238	-282.4075498
-100.0488581	-40.10950048	-280.3954179
-108.61495	-33.89764149	-278.0177172
-110.7167294	-23.26222664	-278.2819424
-112.6742808	-12.59594444	-278.1833491
-114.4852243	-1.912882852	-277.7221956
-116.1466759	8.772037611	-276.8991675
-116.3041163	20.66230374	-276.2002124
-116.2789346	32.52080579	-275.0668734
-116.070605	44.32700466	-273.5012217
-115.6799368	56.06422877	-271.5053365
-115.3327858	68.15444789	-268.8745096
-114.790066	80.12942586	-265.7870501
-114.0522053	91.9680056	-262.2483694
68.00682414	-127.0574516	-263.5743084
57.94816718	-124.8655284	-267.002868
47.90115014	-122.4579319	-270.091968
37.2925474	-118.3023486	-273.5941451
26.59190573	-113.9656733	-276.6671948
15.86858292	-109.4724403	-279.2919563
4.60390561	-105.0269565	-281.4040633
-6.702716917	-100.2607953	-283.0952536
-18.03422233	-95.32717757	-284.3018718
-29.31357095	-90.26002182	-285.0158145
-40.40758926	-84.9707462	-285.284534
-51.26661502	-80.06716206	-284.9579121
-62.0766678	-75.03906317	-284.175597
-72.76968949	-69.91922966	-282.9414475
-81.7493019	-64.04351853	-281.8785519
-90.63966801	-57.98593428	-280.4679359
-99.43816041	-51.85179317	-278.6818069
-108.0930423	-45.67014124	-276.5324811
-116.5062626	-39.38954457	-274.0708254
-118.7453435	-28.84762182	-274.4221343
-120.7563475	-18.18458593	-274.4582316
-122.6216922	-7.4776122	-274.1316278
-124.3373582	3.213967709	-273.4411395
-125.8123959	13.8489766	-272.4327551
-125.8865914	25.73370831	-271.5336408
-125.7781658	37.60584673	-270.1958848
-125.4859325	49.39060656	-268.4288703
-125.3691376	61.43712011	-265.9853957
-124.9244234	73.48047625	-263.1249719
58.58587601	-134.2096765	-262.2887859
48.56842292	-131.8685197	-265.5032125
38.48811609	-129.3563429	-268.3756258
27.82004688	-125.1292812	-271.6776585
17.1080047	-120.7041359	-274.5503786
5.857302972	-116.3571852	-276.887362
-5.402962687	-111.8162598	-278.7614823
-16.73906865	-106.9781231	-280.2061398
-28.04654012	-101.9579678	-281.1727777
-39.16468682	-96.75524946	-281.6815037
-50.21702703	-91.39182351	-281.719461
-61.06317564	-86.43110899	-281.142425
-71.81307685	-81.33304067	-280.1210598
-80.85095922	-75.52102215	-279.2843279
-89.78467071	-69.61211863	-278.088174
-98.65815759	-63.53260022	-276.5323713
-107.402222	-57.37103049	-274.6149508
-115.9047077	-51.13571985	-272.3808164
-124.2578565	-44.83502287	-269.7961865
-126.5557482	-34.3149376	-270.2706517
-128.690435	-23.75157521	-270.3974244
-130.6191588	-13.05789599	-270.2003393
-132.3765723	-2.348433909	-269.6499662
-133.916485	8.283427437	-268.7710598
-135.2840212	18.9043913	-267.5462622
-135.2903371	30.79318109	-266.4366321
-135.0829683	42.63380454	-264.9059543
-135.0772232	54.71570715	-262.6795025
-134.8455273	66.70569962	-260.0139318
49.16828455	-141.1392758	-260.5805982
39.10523869	-138.6883179	-263.5837066
29.01605166	-136.0563651	-266.2457289
18.31886213	-131.7351177	-269.3519682
7.086851681	-127.5239775	-271.8959261
-4.178167076	-123.0742041	-273.9986049
-15.40060712	-118.4161398	-275.6455561
-26.73211253	-113.4825221	-276.8521742
-37.86940707	-108.406044	-277.5863385
-48.96475318	-103.1204064	-277.8646841
-59.94296618	-97.6607944	-277.6855735
-70.74554197	-92.62198618	-276.8688944
-79.83974106	-86.90135305	-276.2494947
-88.8455299	-81.04981323	-275.276868
-97.71112206	-75.09419081	-273.9587054
-106.5433157	-68.98298256	-272.2683173
-115.1337316	-62.82142705	-270.2550162
-123.5892925	-56.55992299	-267.8932817
-131.8611693	-50.22560413	-265.1982135
-134.2358575	-39.7462078	-265.7840034
-136.4287524	-29.19139091	-266.0361865
-138.4343149	-18.61868631	-265.9501158
-140.2545168	-7.907394876	-265.5301833
-141.8789382	2.703331129	-264.7701183
-143.3106854	13.33607892	-263.6746971
-144.5469858	23.93004507	-262.2474278
-144.4552408	35.8065558	-260.9420668
29.60578317	-145.2912284	-261.2546296
19.49918527	-142.5462175	-263.7051841
8.283234046	-138.4511694	-266.4629886
-2.946292103	-134.1264317	-268.7775731
-14.17098003	-129.5785134	-270.6447758
-25.37214285	-124.8146587	-272.0616285
-36.53106154	-119.8430432	-273.0257213
-47.62897426	-114.6726678	-273.5357014
-58.64793891	-109.3106415	-273.5902121
-69.56898221	-103.7676514	-273.1896785
-78.71931357	-98.12842827	-272.7896768
-87.7685296	-92.36367045	-272.0400275
-96.70546874	-86.47975777	-270.9414289
-105.5182958	-80.48582625	-269.4956924
-114.195691	-74.38903597	-267.7046414
-122.7267122	-68.19662594	-265.5702044
-131.1004692	-61.9166801	-263.0953929
-139.3064394	-55.55637975	-260.2829545
-141.7456791	-45.10468235	-260.9862707
-144.0030114	-34.59568717	-261.3549588
-146.076037	-24.04151905	-261.3885385
-147.9618724	-13.45622303	-261.0868273
-149.657686	-2.85468904	-260.4507256
9.95209299	-148.8159223	-260.7579362
-1.279266375	-144.6058124	-263.301177
-12.54096733	-140.1586167	-265.4024281
-23.76283027	-135.5005149	-267.0488176
-35.07978472	-130.5728597	-268.253787
-46.21652295	-125.4961823	-268.9881978
-57.30806849	-120.2114813	-269.2673235
-68.28548309	-114.7525366	-269.0890598
-77.44419638	-109.5996461	-268.756919
-86.56566684	-103.914229	-268.2319255
-95.60407209	-98.09422812	-267.3528561
-104.5034468	-92.16838778	-266.1280425
-113.3807016	-86.07887572	-264.5285008
-122.0104025	-79.94352052	-262.6074427
-130.510017	-73.70343986	-260.3365753
-22.11656628	-145.9722155	-261.6158516
-33.45291163	-141.1692454	-263.0438882
-44.73217519	-136.1260853	-264.0241647
-55.86101749	-130.9531554	-264.5200212
-66.89624657	-125.5618334	-264.5738413
-76.10460767	-120.5006728	-264.4385885
-85.21960194	-115.2926731	-263.9799051
-94.32897592	-109.5654712	-263.3200039
-103.3164127	-103.6986033	-262.3213252
-112.2792525	-97.69337666	-260.9397128
];
i=kkk(oooo,1);
j=kkk(oooo,2);
k=kkk(oooo,3);
% i=-0.63166;j=1.621256;k=-300.3951;
y = abs((k/i)*x-300-0.0005455*(x^2+((j/i)*x)^2)+0.0004562*sqrt(x^2+(j/i*x)^2)); 
% y = abs(476.061*x-300-0.0005455*(x^2+(1.017*x)^2)+0.0004562*sqrt(x^2+(1.017*x)^2)); 
end

%转回正常坐标轴
R=rotz(-14.96629)*roty(12.130227)*rotx(-14.91126)
R1=inv(R)
k=[[[[[[[[[-59.5950776018651,-119.190155203730,-119.190155203730]]]]]]]]]*R1


%% 定义种群的参数
clc; clear all;
syms oooo
for oooo=1:1:10
NUM = 10;        %子群体个数
N = 100;        %子群体规模
D = 1;         %粒子维度
T = N*10;
pop = zeros(N,D,NUM);
v = zeros(N,D,NUM);
fit = zeros(N,1,NUM);
p_p = zeros(1,D,NUM);           %子群体最优位置
p_be = inf*ones(NUM,1);    p_bl = inf*ones(NUM,1);               %子群体最优值    e：这一代  l上一代
%% 定义求解问题的以及速度的上下限 以及种群初始化
p_max = 150;
p_min = -150;
v_max = p_max;
v_min = p_min;
for i = 1:N
    for j = 1:D
        for k = 1:NUM
            pop(i,j,k) = rand*(p_max - p_min)+p_min;
            v(i,j,k) = rand*(v_max - v_min)+v_min;
        end
    end
end
%% 参数设计
aver_T = zeros(T,1);
Ds = zeros(NUM,1);    %群体多样性
Cs = zeros(NUM,1);    %群体搜索能力
Ds_s = zeros(NUM,1);    %群体多样性阈值
Cs_s = 0.0001;    %群体搜索能力阈值
for i = 1:NUM
    %多样性
    temp = 0;
    for j = 1:N
        temp = temp + sqrt(sum((mean(pop(:,:,i),1) - pop(j,:,i)).^2));
    end
    Ds(i,:) = (1/N/(p_max - p_min)/D)*temp; 
    Ds_s(i,:) = 0.05*Ds(i,:);
    %搜索能力
    Cs(i,:) = abs(p_be(i,:) - p_bl(i,:));
end
%% 进入迭代循环
for t = 1:T
    p_bl = p_be;                    %将上一代的子群体储存
    for j = 1:NUM                   %计算每一个子群体中最优值和最优位置
        for i = 1:N
            fit(i,:,j) = fitness(pop(i,:,j));
            if(fit(i,:,j) < p_be(j,:))
                p_be(j,:) = fit(i,:,j);
                p_p(:,:,j) = pop(i,:,j);
            end
        end
    end
    if t ~= T
    aver_T(t,:) = min(p_be);
    wmax = 0.7;wmin = 0.2;
    w = wmax+(wmin - wmax)*t/T;
    for j = 1:NUM
        if(Ds(j,:) > Ds_s(j,:) && Cs(j,:) > Cs_s)       %成长状态
            c1 = 0;c2 = 3;
            for i = 1:N
                for k = 1:D
                    v(i,k,j) = w*v(i,k,j) + c2*rand*(p_p(1,k,j) - pop(i,k,j));
                end
            end
        end
        if(Ds(j,:) > Ds_s(j,:) && Cs(j,:) < Cs_s)       %伪熟状态
            other = floor(rand*NUM)+1;
            c1 = 2;c2 = 2;
            for i = 1:N
                for k = 1:D
                    v(i,k,j) = w*v(i,k,j) + c1*rand*(p_p(1,k,j) - pop(i,k,j))+c2*rand*(p_p(1,k,other) - pop(i,k,j));
                end
            end
        end
        if(Ds(j,:) < Ds_s(j,:) && Cs(j,:) < Cs_s)       %成熟状态
            for i = 1:N
                for k = 1:D
                    pop(i,k,j) = rand*(p_max - p_min)+p_min;
                    v(i,k,j) = rand*(v_max - v_min)+v_min;
                end
            end
        end
    end
    pop = pop+v;
    for i = 1:N                    %越界处理
        for j = 1:D
            for k = 1:NUM
                if(pop(i,j,k) > p_max)
                    pop(i,j,k) = p_max;
                end
                if(pop(i,j,k) < p_min)
                    pop(i,j,k) = p_min;
                end
            end
        end
    end                 
    for i = 1:NUM                  %多样性和搜索能力的计算
        %多样性
        temp = 0;
        for j = 1:N
            temp = temp + sqrt(sum((mean(pop(:,:,i),1) - pop(j,:,i)).^2));
        end
        Ds(i,:) = (1/N/(p_max - p_min)/D)*temp; 
        %搜索能力
        Cs(i,:) = abs(p_be(i,:) - p_bl(i,:));
    end
    end
end
% t = 1:1:T;%迭代过程
% figure(1)
% plot(t,aver_T);xlabel("迭代次数");ylabel("最优值");
fprintf("最优值==》")
BestPosition = p_p(:,:,1);
for i = 2:5
    if(fitness(BestPosition) > fitness(p_p(:,:,i)))
        BestPosition = p_p(:,:,j);
    end
end
disp(min(p_be));
BestPosition
%输出坐标点
Y=j/i*BestPosition;
Z=k/i*BestPosition;
zuobiao=[BestPosition,Y,Z]
%循环存储
filepath='F:\数学建模2021\2021\粒子群\结果2.xlsx';
o=[ii(oooo),jj(oooo),kk(oooo)];
ii = xlsread(filepath,1,'A2:A11');
jj = xlsread(filepath,1,'B2:B11');
kk = xlsread(filepath,1,'C2:C11');
o(0000,:)=zuobiao;
xlswrite ('结果2.xlsx', o, 1, 'A2:C11');
end
% %转回正常坐标轴
% R=rotz(-14.96629)*roty(12.130227)*rotx(-14.91126);
% R1=inv(R);
% jieguo=zuobiao*R1
